000000000000000000000000000000000
000000000000000000000000000000000
000000000000000000000000000000000
000000000000000000000000000000000
000000000000000000000000000000000
000000000000000000000000000000000
000000000000000000000000000000000
000000000000000000000000000000000
000000000000000000000011111100000
000000000000000000011111111111100
000000000000000000111111111111110
000000000000000111111111111111110
000111111111111111111111111111110
011111111111111111111111111111111
011111111111111111111111111111110
000100011111111000011111111111100
000111111111111011101111111111100
011111111111111111111111111111100
011111111111111111111111111111110
011111111111111111111111111111110
011111111111111111111100000011110
001111111111111111111101001011110
000011101111111111111111111111100
000000001111111111111111111111000
000000000000000001100011111100000
000000000000000000000001111000000
000000000000000000000000110000000
000000000000000000000000000000000
000000000000000000000000000000000