000000000000000000000000000000000
000000000000000000000000000000000
000000011111111000000000000000000
000011111111111001010101011000000
000111111111111111111111111110100
000011111111111111111111111111110
000000111111111111111111111111110
000111111111111111111111111111110
011111111111111111111111111111110
011111111111111111111111111111100
000111111111111111111111111111100
000000001111111111111111111111100
000000001111111100110111011010000
000000000111000000011111100000000
000000000000000000011111000000000
000000000000000000111111000000000
000000000000000001111111000000000
000000000000000111111111100000000
000000000000001111111111100000000
000000000000001111111111100000000
000000000000011111111111110000000
000000000001111111111111110000000
000000000111111111111111110000000
000000011111111111111111110000000
000000000000000011111111111000000
000000000000000011111111111110000
000000000000001111111111111111100
000000000000000000000000000000000
000000000000000000000000000000000