68
66
2
00000000000000000000000000000000000000000000000000000000000000000000
00000000000000000000000000000000000000000000000000000000000000000000
00000000000000000000000000111111111100000000000000000000000000000000
00000000000000000000000000111111111100000000000000000000000000000000
00000000000000000000001111111111111111110000000000000000000000000000
00000000000000000000001111111111111111110000000000000000000000000000
00000000000000000000111111111111111111111100000000000000000000000000
00000000000000000000111111111111111111111100000000000000000000000000
00000000000000000011111111111111111111111100000000000000000000000000
00000000000000000011111111111111111111111100000000000000000000000000
00000000000000001111111111111111111111111100000000000000000000000000
00000000000000001111111111111111111111111100000000000000000000000000
00000000000000111111111111111111111111110000000000000000000000000000
00000000000000111111111111111111111111110000000000000000000000000000
00000000000011111111111111111111111111000000000000000000000000000000
00000000000011111111111111111111111111000000000000000000000000000000
00000000001111111111111111111111000000000000000000000000000000000000
00000000001111111111111111111111000000000000000000000000000000000000
00000000111111111111111111111100000000000000000000000000000000000000
00000000111111111111111111111100000000000000000000000000000000000000
00000011111111111111111111110000000000001111111111111111111100001100
00000011111111111111111111110000000000001111111111111111111100001100
00000011111111111111111111000000000000111111111111111111111100111100
00000011111111111111111111000000000000111111111111111111111100111100
00000011111111111111111111110000111111111111110000001111111111111100
00000011111111111111111111110000111111111111110000001111111111111100
00000000111111111111111111111111111111111111111111000011111111111100
00000000111111111111111111111111111111111111111111000011111111111100
00000000001111111111111111111111111111111111111111110000111100111100
00000000001111111111111111111111111111111111111111110000111100111100
00000000001111111111110000111111111111111111111111111100000000001100
00000000001111111111110000111111111111111111111111111100000000001100
00000000111111111111000000111111111111111111111111111111000000000000
00000000111111111111000000111111111111111111111111111111000000000000
00000000111111111100000000001111111111111111111111111111111100000000
00000000111111111100000000001111111111111111111111111111111100000000
00000000001111111111111111111111111111111111111111111111111111110000
00000000001111111111111111111111111111111111111111111111111111110000
00000011111111111111111111111111111111111111111111111111000000111100
00000011111111111111111111111111111111111111111111111111000000111100
00111111111111111111111111111111111111110011111111111111110000000000
00111111111111111111111111111111111111110011111111111111110000000000
00000011111111111111111111111111111111000011111111111111111111111100
00000011111111111111111111111111111111000011111111111111111111111100
00000011111111111111111111111100111100000000111111111111111111110000
00000011111111111111111111111100111100000000111111111111111111110000
00111111111111111111111100000000000000111111111111111100111111000000
00111111111111111111111100000000000000111111111111111100111111000000
00000011111111111111000000000000111111111111110011110000111100000000
00000011111111111111000000000000111111111111110011110000111100000000
00000000000000000000001111111111111111111111000000000000110000000000
00000000000000000000001111111111111111111111000000000000110000000000
00000000000000001111111111111111111111110000000000000000000000000000
00000000000000001111111111111111111111110000000000000000000000000000
00000000000011111111111111111111111111111111000000000000000000000000
00000000000011111111111111111111111111111111000000000000000000000000
00000000001111111111111111111111111111111111111111000000000000000000
00000000001111111111111111111111111111111111111111000000000000000000
00000000111111111111111111111111111111111111111111111100000000000000
00000000111111111111111111111111111111111111111111111100000000000000
00000000111111111111111111111111111111111111111111111111110000000000
00000000111111111111111111111111111111111111111111111111110000000000
00000000111111111111111111111111111111111111111111111111111111000000
00000000111111111111111111111111111111111111111111111111111111000000
00000000000000000000000000000000000000000000000000000000000000000000
00000000000000000000000000000000000000000000000000000000000000000000
