72
34
10
000000000000000000000000000000000000000000000000000000000000000000000000
000000000000000000000000000000000000000000000000000000000000000000000000
000000000000000000000000000000000000000000000000000000000000000000000000
000000000000000000000000000000000000000000000000000000000000000000000000
000000000000000000000000000000000000000000000000000000000000000000000000
000000000000000000000000000000000000000000000000000000000000000000000000
000000000000000000000000000000000000000000000000000000000000000000000000
000000000000000000000000000000000000000000000000000000000000000000000000
000000000000000000000000000000000000000000000000000000000000000000000000
000000000000000000000000000000000000000000000000000000000000000000000000
000000000000000000000000000000000000000000001111111111000000000000000000
000000000000000000000000000000000000000000001111111111000000000000000000
000000000000000000000000000000000000111111111111111111111111110000000000
000000000000000000000000000000000000111111111111111111111111110000000000
000000000000000011110000111111111111111111111111111111111111111111000000
000000000000000011110000111111111111111111111111111111111111111111000000
000000000000000000000000000011111111111111111111111111111111111111110000
000000000000000000000000000011111111111111111111111111111111111111110000
000000001100111111111111111111111111111111111111111111111111111111110000
000000001100111111111111111111111111111111111111111111111111111111110000
000000000000000000111111111111111111111111111111111111111111111111111100
000000000000000000111111111111111111111111111111111111111111111111111100
000000111111111111111111111111111111111111111111111111111111111111111100
000000111111111111111111111111111111111111111111111111111111111111111100
000000000000000011111111111111111111111111111111111111111111111111110000
000000000000000011111111111111111111111111111111111111111111111111110000
000000000000000000000000001111111111111111111111111111111111111111110000
000000000000000000000000001111111111111111111111111111111111111111110000
000000001100111100000011111111111111111111111111111111111111111111000000
000000001100111100000011111111111111111111111111111111111111111111000000
000000000000000000000000000000000011111111111111111111111111110000000000
000000000000000000000000000000000011111111111111111111111111110000000000
000000000000000000000000000000000000000000001111111111000000000000000000
000000000000000000000000000000000000000000001111111111000000000000000000
