36
16
2
000000000000000000000000000000000000
000000000000000000000000000000000000
000000000000000000001111111100000000
000000000000000011111111111111000000
000000000000111111111111111111110000
000000000111111111111111111111111000
011111111111111111111111111111111100
000001111111111111111111111111111100
111111111111111111111111111111111110
001111111111111111111111111111111110
111100001111111111111111111111111100
000000111111111111111111111111111100
000000000111111111111111111111111000
000000000000111111111111111111110000
000000000000000011111111111111000000
000000000000000000001111111100000000