134
28
0
00000000000000000000000000000000000000000000000000000000000000000000000000000000000000000000000000000000001111111111110000000000000000
00000000000000000000000000000000000000000000000000000000000000000000000000000000000000000000000000000000001111111111110000000000000000
00000000000000000000000000000000000000000000000000000000000000000000000000000000000000000000000011111111111111111111111111000000000000
00000000000000000000000000000000000000000000000000000000000000000000000000000000000000000000000011111111111111111111111111000000000000
00000000000000000000000000000000000000000000000000000000000000000000000000000000000011111111111111111111111111111111111111111100000000
00000000000000000000000000000000000000000000000000000000000000000000000000000000000011111111111111111111111111111111111111111100000000
00000000000000000000000000000000000000000000000000000000000000000000001111111111111111111111111111111111111111111111111111111111000000
00000000000000000000000000000000000000000000000000000000000000000000001111111111111111111111111111111111111111111111111111111111000000
00000000110000111111111111111100001111000011111111111111000000111111111111111111111111111111111111111111111111111111111111111111110000
00000000110000111111111111111100001111000011111111111111000000111111111111111111111111111111111111111111111111111111111111111111110000
00000000000000000000000000000000000000000000001111111111110000000000111111111111111111111111111111111111111111111111111111111111110000
00000000000000000000000000000000000000000000001111111111110000000000111111111111111111111111111111111111111111111111111111111111110000
11001100001111111111111111111111111111111111111111111111111111111111111111111111111111111111111111111111111111111111111111111111111100
11001100001111111111111111111111111111111111111111111111111111111111111111111111111111111111111111111111111111111111111111111111111100
11000000000000000000000000000011111111111111110000000011111111111111111111111111111111111111111111111111111111111111111111111111111100
11000000000000000000000000000011111111111111110000000011111111111111111111111111111111111111111111111111111111111111111111111111111100
00000011111100000000000000000000000000000000000000000000001111111111111111111111111111111111111111111111111111111111111111111111110000
00000011111100000000000000000000000000000000000000000000001111111111111111111111111111111111111111111111111111111111111111111111110000
00000000000000110000111111000011111111110000111111111111111111111111111111111111111111111111111111111111111111111111111111111111110000
00000000000000110000111111000011111111110000111111111111111111111111111111111111111111111111111111111111111111111111111111111111110000
00000000000000000000000000000000000000000000000000000000000000000000001111111111111111111111111111111111111111111111111111111111000000
00000000000000000000000000000000000000000000000000000000000000000000001111111111111111111111111111111111111111111111111111111111000000
00000000000000000000000000000000000000000000000000000000000000000000000000000000000011111111111111111111111111111111111111111100000000
00000000000000000000000000000000000000000000000000000000000000000000000000000000000011111111111111111111111111111111111111111100000000
00000000000000000000000000000000000000000000000000000000000000000000000000000000000000000000000011111111111111111111111111000000000000
00000000000000000000000000000000000000000000000000000000000000000000000000000000000000000000000011111111111111111111111111000000000000
00000000000000000000000000000000000000000000000000000000000000000000000000000000000000000000000000000000001111111111110000000000000000
00000000000000000000000000000000000000000000000000000000000000000000000000000000000000000000000000000000001111111111110000000000000000
