66
54
4
000000000000000000000000000000000000000000000000000000000000000000
000000000000000000000000000000000000000000000000000000000000000000
000000000000000000000000000000000000000000000000000000000000000000
000000000000000000000000000000000000000000000000000000000000000000
000000000000001111111111111111000000000000000000000000000000000000
000000000000001111111111111111000000000000000000000000000000000000
000000001111111111111111111111000011001100110011001111000000000000
000000001111111111111111111111000011001100110011001111000000000000
000000111111111111111111111111111111111111111111111111111100110000
000000111111111111111111111111111111111111111111111111111100110000
000000001111111111111111111111111111111111111111111111111111111100
000000001111111111111111111111111111111111111111111111111111111100
000000000000111111111111111111111111111111111111111111111111111100
000000000000111111111111111111111111111111111111111111111111111100
000000111111111111111111111111111111111111111111111111111111111100
000000111111111111111111111111111111111111111111111111111111111100
001111111111111111111111111111111111111111111111111111111111111100
001111111111111111111111111111111111111111111111111111111111111100
001111111111111111111111111111111111111111111111111111111111110000
001111111111111111111111111111111111111111111111111111111111110000
000000111111111111111111111111111111111111111111111111111111110000
000000111111111111111111111111111111111111111111111111111111110000
000000000000000011111111111111111111111111111111111111111111110000
000000000000000011111111111111111111111111111111111111111111110000
000000000000000011111111111111110000111100111111001111001100000000
000000000000000011111111111111110000111100111111001111001100000000
000000000000000000111111000000000000001111111111110000000000000000
000000000000000000111111000000000000001111111111110000000000000000
000000000000000000000000000000000000001111111111000000000000000000
000000000000000000000000000000000000001111111111000000000000000000
000000000000000000000000000000000000111111111111000000000000000000
000000000000000000000000000000000000111111111111000000000000000000
000000000000000000000000000000000011111111111111000000000000000000
000000000000000000000000000000000011111111111111000000000000000000
000000000000000000000000000000111111111111111111110000000000000000
000000000000000000000000000000111111111111111111110000000000000000
000000000000000000000000000011111111111111111111110000000000000000
000000000000000000000000000011111111111111111111110000000000000000
000000000000000000000000000011111111111111111111110000000000000000
000000000000000000000000000011111111111111111111110000000000000000
000000000000000000000000001111111111111111111111111100000000000000
000000000000000000000000001111111111111111111111111100000000000000
000000000000000000000011111111111111111111111111111100000000000000
000000000000000000000011111111111111111111111111111100000000000000
000000000000000000111111111111111111111111111111111100000000000000
000000000000000000111111111111111111111111111111111100000000000000
000000000000001111111111111111111111111111111111111100000000000000
000000000000001111111111111111111111111111111111111100000000000000
000000000000000000000000000000001111111111111111111111000000000000
000000000000000000000000000000001111111111111111111111000000000000
000000000000000000000000000000001111111111111111111111111100000000
000000000000000000000000000000001111111111111111111111111100000000
000000000000000000000000000011111111111111111111111111111111110000
000000000000000000000000000011111111111111111111111111111111110000
