50
57
10
00000000000000000000000000000000000000000000000000
00000000000000000000000000000000000000000000000000
00000000000000000000000000000000000000000000000000
00000000000000000000000000000000000000000000000000
00000000000000000000000000000000000000000000000000
00000000000000000000000000000000000000000000000000
00000000000000000000000000000000000000000000000000
00000000000000000000000000000000000000000000000000
00000000000000000000000000000000000000000000000000
00000000000000000000000000000000000000000000000000
00000000000000000000000000000000100000000000000000
00000000000000000000000000000000100000000000000000
00000000000000000000000000000001110000000000000000
00000000000000000000000000000011111000000000000000
00000000000000000000000000000111111100000000000000
00000000000000000000000011111111111111100000000000
00000000000000000000001111111111111111111000000000
00000000000000000000011111111111111111111110000000
00000000000000000000111111111111111111111111000000
00000000000000000000111111111111111111111111110000
00000000000000000000111111111111111111111111101000
00000000000000000000001111111111111111111111111100
00000000000000000000011111111111111111100111111110
00000000000000000000001111111111111111100000000110
00000000000000000000001111011111111111111000001110
00000000000000000000011110011111111111111110111100
00000000000000000000000110111100011111100011101000
00000000000000000000000001111111101111001101101000
00000001100000000000000001111111101111011111111100
00000001110111111100000011111111111111111111111000
00000011111111111111100011111111111111111111110000
00001111111111111111111111111111111111001111100000
00111101011111111111111111111111111111000111000000
00111101011111111101111111111111111110000011100000
00001111111111111101111111111111111111000001100000
00000111111111111111111111111111111111100001110000
00000000000001111101111111111111111111110000110000
00000000000000000000111110001111111111111000011000
00000000000000000000000000011111111111111100011000
00000000000000000000000110111111111111111100111100
00000000000000000000001111111111111111111110111100
00000000000000000000000111111111110011111000011100
00000000000000000000000011111111100000000000001000
00000000000000000000000011111111000000000000000000
00000000000000000000000011111111110000000000000000
00000000000000000000000011111111111000000000000000
00000000000000000000000001111111111110000000000000
00000000000000000000000000011111111111000000000000
00000000000000000000000000001111111111000000000000
00000000000000000000000000001111001111100000000000
00000000000000000000000000011111111111100000000000
00000000000000000000000001111111111111100000000000
00000000000000000000011111111111111111000000000000
00000000000000000000111111111111111111100000000000
00000000000000000001111111111111111111110000000000
00000000000000000011111111111111111111111000000000
00000000000000000011110000110011111100111100000000