116
114
18
00000000000000000000000000000000000000000000000000000000000000000000000000000000000000000000000000000000000000000000
00000000000000000000000000000000000000000000000000000000000000000000000000000000000000000000000000000000000000000000
00000000000000000000000000000000000000000000000000000000000000000000000000000000000000000000000000000000000000000000
00000000000000000000000000000000000000000000000000000000000000000000000000000000000000000000000000000000000000000000
00000000000000000000000000000000000000000000000000000000000000000000000000000000000000000000000000000000000000000000
00000000000000000000000000000000000000000000000000000000000000000000000000000000000000000000000000000000000000000000
00000000000000000000000000000000000000000000000000000000000000000000000000000000000000000000000000000000000000000000
00000000000000000000000000000000000000000000000000000000000000000000000000000000000000000000000000000000000000000000
00000000000000000000000000000000000000000000000000000000000000000000000000000000000000000000000000000000000000000000
00000000000000000000000000000000000000000000000000000000000000000000000000000000000000000000000000000000000000000000
00000000000000000000000000000000000000000000000000000000000000000000000000000000000000000000000000000000000000000000
00000000000000000000000000000000000000000000000000000000000000000000000000000000000000000000000000000000000000000000
00000000000000000000000000000000000000000000000000000000000000000000000000000000000000000000000000000000000000000000
00000000000000000000000000000000000000000000000000000000000000000000000000000000000000000000000000000000000000000000
00000000000000000000000000000000000000000000000000000000000000000000000000000000000000000000000000000000000000000000
00000000000000000000000000000000000000000000000000000000000000000000000000000000000000000000000000000000000000000000
00000000000000000000000000000000000000000000000000000000000000000000000000000000000000000000000000000000000000000000
00000000000000000000000000000000000000000000000000000000000000000000000000000000000000000000000000000000000000000000
00000000000000000000000000000000000000000000000000111111111111000000000000000000000000000000000000000000000000000000
00000000000000000000000000000000000000000000000000111111111111000000000000000000000000000000000000000000000000000000
00000000000000000000000000000000000000000000000000000000111111111100000000000000000000000000000000000000000000000000
00000000000000000000000000000000000000000000000000000000111111111100000000000000000000000000000000000000000000000000
00000000000000000000001111111111111111111111110000000000000011111111110000000000000000000000000000000000000000000000
00000000000000000000001111111111111111111111110000000000000011111111110000000000000000000000000000000000000000000000
00000000000000000000000000000000000000001111111111000000000000111111111111000000000000000000000000000000000000000000
00000000000000000000000000000000000000001111111111000000000000111111111111000000000000000000000000000000000000000000
00000000000000000000111111111111111111111111111111111100000000001111111111111100000000000000000000000000000000000000
00000000000000000000111111111111111111111111111111111100000000001111111111111100000000000000000000000000000000000000
00000000000000000011111111111111111111111111111111111111000000000011111111111100000000000000000000000000000000000000
00000000000000000011111111111111111111111111111111111111000000000011111111111100000000000000000000000000000000000000
00000000000000000000000000000000001111111111111111111111111111110011111111111100000000000000000000000000000000000000
00000000000000000000000000000000001111111111111111111111111111110011111111111100000000000000000000000000000000000000
00000000000000000000001111111111111111111111111111111111111111111111111111111111000000000000000000000000000000000000
00000000000000000000001111111111111111111111111111111111111111111111111111111111000000000000000000000000000000000000
00000000000000000000000000111100001111111111111111111111111111111111111111111111000000000000000000000000000000000000
00000000000000000000000000111100001111111111111111111111111111111111111111111111000000000000000000000000000000000000
00000000000000000011111111111111111111111111111111110011111111111111111111111111110000111100000000000000000000000000
00000000000000000011111111111111111111111111111111110011111111111111111111111111110000111100000000000000000000000000
00000000000000000011111111111111111111111111111111111111001111111111111111111111110011111111110000000000000000000000
00000000000000000011111111111111111111111111111111111111001111111111111111111111110011111111110000000000000000000000
00000000000000000000000000111100000000001111111111111100000011111111111111111111111111111111110000000000000000000000
00000000000000000000000000111100000000001111111111111100000011111111111111111111111111111111110000000000000000000000
00000000000000000000111111111111111111111111111111110011111111111111111111111111110000111111111100000000000000000000
00000000000000000000111111111111111111111111111111110011111111111111111111111111110000111111111100000000000000000000
00000000000000000000000011111111111111111111111111111100110000000011111111111111110000111111111100000000000000000000
00000000000000000000000011111111111111111111111111111100110000000011111111111111110000111111111100000000000000000000
00000000000000000011111111111111111111111111111111111111110000110011111111111111111111111111111111000000000000000000
00000000000000000011111111111111111111111111111111111111110000110011111111111111111111111111111111000000000000000000
00000000000000000000000000111100001111111111111111111111111100111111111111111111111111111111111111110000000000000000
00000000000000000000000000111100001111111111111111111111111100111111111111111111111111111111111111110000000000000000
00000000000000000011111111111111111111111111111111111111111111111111111111111111110000111111111111111111110000000000
00000000000000000011111111111111111111111111111111111111111111111111111111111111110000111111111111111111110000000000
00000000000000000000000000111100001111111111111111111111110000000000111111111111110000001111111111111111111100000000
00000000000000000000000000111100001111111111111111111111110000000000111111111111110000001111111111111111111100000000
00000000000000000000000000000000000011111111111111111111111111111100001111111111111111001111111111111111111111000000
00000000000000000000000000000000000011111111111111111111111111111100001111111111111111001111111111111111111111000000
00000000000000000000111111111111111111111100111111111111111111111100001111111111111100111111111111111111111111110000
00000000000000000000111111111111111111111100111111111111111111111100001111111111111100111111111111111111111111110000
00000000000000000000000000110011001111110000001111111111110000000000111111111111111111111111111111111111111111110000
00000000000000000000000000110011001111110000001111111111110000000000111111111111111111111111111111111111111111110000
00000000000000000011111111111111111111111111111111111111111111111100001111111111111111111111111111111111111111111100
00000000000000000011111111111111111111111111111111111111111111111100001111111111111111111111111111111111111111111100
00000000000000000000000000110011001111110000111111111111111111111100001111111111111111111111111111111111111111111100
00000000000000000000000000110011001111110000111111111111111111111100001111111111111111111111111111111111111111111100
00000000000000000000000011111111111111111111111111111111110000000000111111111111111111111111111111111111111111111100
00000000000000000000000011111111111111111111111111111111110000000000111111111111111111111111111111111111111111111100
00000000000000000000000000001111111111111111111111111111110000000000111111111111111111111111111111111111111111111100
00000000000000000000000000001111111111111111111111111111110000000000111111111111111111111111111111111111111111111100
00000000000000000000111111111111111111111111111111111111111111111100001111111111111111111111111111111111111111111100
00000000000000000000111111111111111111111111111111111111111111111100001111111111111111111111111111111111111111111100
00000000000000000000000000001111111111110000000011111111111111111100001111111111111111111111111111111111111111111100
00000000000000000000000000001111111111110000000011111111111111111100001111111111111111111111111111111111111111111100
00000000000000000000001100111111111111111100111111111111110000000000111111111111111111111111111111111111111111110000
00000000000000000000001100111111111111111100111111111111110000000000111111111111111111111111111111111111111111110000
00000000000000000011111111111111111111111111111111111111111111111100001111111111111111111111111111111111111111110000
00000000000000000011111111111111111111111111111111111111111111111100001111111111111111111111111111111111111111110000
00000000000000000000001100111111111111001111111111111111111111111100001111111111111111001111111111111111111111000000
00000000000000000000001100111111111111001111111111111111111111111100001111111111111111001111111111111111111111000000
00000000000000000011111111111111111111111111111111111111110000000000111111111111110000001111111111111111111100000000
00000000000000000011111111111111111111111111111111111111110000000000111111111111110000001111111111111111111100000000
00000000000000000000000000000000000000001111111111111111111111111111111111111111110000111111111111111111110000000000
00000000000000000000000000000000000000001111111111111111111111111111111111111111110000111111111111111111110000000000
00000000000000000000001111111111111111111111111111111111111100111111111111111111111111111111111111110000000000000000
00000000000000000000001111111111111111111111111111111111111100111111111111111111111111111111111111110000000000000000
00000000000000000000000000000000000000001111111111111111110000000011111111111111111111111111111111000000000000000000
00000000000000000000000000000000000000001111111111111111110000000011111111111111111111111111111111000000000000000000
00000000000000000000111111111111111111111111000000111111110011000011111111111111110000111111111100000000000000000000
00000000000000000000111111111111111111111111000000111111110011000011111111111111110000111111111100000000000000000000
00000000000000000000000000001100111111111111111100000000111111001111111111111111110000111111111100000000000000000000
00000000000000000000000000001100111111111111111100000000111111001111111111111111110000111111111100000000000000000000
00000000000000000011111111111111111111111111111111111111110011111111111111111111111111111111110000000000000000000000
00000000000000000011111111111111111111111111111111111111110011111111111111111111111111111111110000000000000000000000
00000000000000000000000000001100111111111111111111000000111111111111111111111111110011111111110000000000000000000000
00000000000000000000000000001100111111111111111111000000111111111111111111111111110011111111110000000000000000000000
00000000000000000000000000000000000000111111111100000011111111111111111111111111110000111100000000000000000000000000
00000000000000000000000000000000000000111111111100000011111111111111111111111111110000111100000000000000000000000000
00000000000000000000000011111111111111111111111111111111111111111111111111111111000000000000000000000000000000000000
00000000000000000000000011111111111111111111111111111111111111111111111111111111000000000000000000000000000000000000
00000000000000000011111111111111111111111111111100111111111111111111111111111111000000000000000000000000000000000000
00000000000000000011111111111111111111111111111100111111111111111111111111111111000000000000000000000000000000000000
00000000000000000000000000000000000000001111111111111111111111110011111111111100000000000000000000000000000000000000
00000000000000000000000000000000000000001111111111111111111111110011111111111100000000000000000000000000000000000000
00000000000000000011111111111111111111111111111111111111000000000011111111111100000000000000000000000000000000000000
00000000000000000011111111111111111111111111111111111111000000000011111111111100000000000000000000000000000000000000
00000000000000000000000000000000000000111111111111111100000000001111111111111100000000000000000000000000000000000000
00000000000000000000000000000000000000111111111111111100000000001111111111111100000000000000000000000000000000000000
00000000000000000000000000000000000000001111111111000000000000111111111111000000000000000000000000000000000000000000
00000000000000000000000000000000000000001111111111000000000000111111111111000000000000000000000000000000000000000000
00000000000000000000001111111111111111111111110000000000000011111111110000000000000000000000000000000000000000000000
00000000000000000000001111111111111111111111110000000000000011111111110000000000000000000000000000000000000000000000
00000000000000000000000000000000000000000000000000000000111111111100000000000000000000000000000000000000000000000000
00000000000000000000000000000000000000000000000000000000111111111100000000000000000000000000000000000000000000000000
00000000000000000000000000000000000000000000000000111111111111000000000000000000000000000000000000000000000000000000
00000000000000000000000000000000000000000000000000111111111111000000000000000000000000000000000000000000000000000000
