68
34
6
00000000000000000000000000000000000000000000000000000000000000000000
00000000000000000000000000000000000000000000000000000000000000000000
00000000000000000000000000000000000000000000000000000000000000000000
00000000000000000000000000000000000000000000000000000000000000000000
00000000000000000000000000000000000000000000000000000000000000000000
00000000000000000000000000000000000000000000000000000000000000000000
00000011111100000000000000000000000000000000000000000000000000000000
00000011111100000000000000000000000000000000000000000000000000000000
00000000001111110011111111111111111111111100000000000000000000000000
00000000001111110011111111111111111111111100000000000000000000000000
00110000111111111111111111111111111111111111000000000000000000000000
00110000111111111111111111111111111111111111000000000000000000000000
00001111111111111111111111111111111111111111111111110000000000000000
00001111111111111111111111111111111111111111111111110000000000000000
00001111111111111111111111111111111111111111111111111111111100000000
00001111111111111111111111111111111111111111111111111111111100000000
00001111111111111111111111111111111111111111111111111111111111110000
00001111111111111111111111111111111111111111111111111111111111110000
00111111111111111111111111111111111111111111111111111111111111111100
00111111111111111111111111111111111111111111111111111111111111111100
00001111111100000000001111111111111111111111111111111111111111111100
00001111111100000000001111111111111111111111111111111111111111111100
00000011111111111111111111110000001111111111111111111111111111111100
00000011111111111111111111110000001111111111111111111111111111111100
00001111001111111111111111000000000011111111111111111111111111111100
00001111001111111111111111000000000011111111111111111111111111111100
00001111111111111111111111111111111111111111111111111111111111110000
00001111111111111111111111111111111111111111111111111111111111110000
00001111000011111111111111111111111111111111111100000000000000000000
00001111000011111111111111111111111111111111111100000000000000000000
00001100000000111100111111111111111111111111000000000000000000000000
00001100000000111100111111111111111111111111000000000000000000000000
00000000000000000011110011111111111111111100000000000000000000000000
00000000000000000011110011111111111111111100000000000000000000000000

