66
54
16
000000000000000000000000000000000000000000000000000000000000000000
000000000000000000000000000000000000000000000000000000000000000000
000000000000000000000000000000000000000000000000000000000000000000
000000000000000000000000000000000000000000000000000000000000000000
000000000000000000000000000000000000000000000000000000000000000000
000000000000000000000000000000000000000000000000000000000000000000
000000000000000000000000000000000000000000000000000000000000000000
000000000000000000000000000000000000000000000000000000000000000000
000000000000000000000000000000000000000000000000000000000000000000
000000000000000000000000000000000000000000000000000000000000000000
000000000000000000000000000000000000000000000000000000000000000000
000000000000000000000000000000000000000000000000000000000000000000
000000000000000000000000000000000000000000000000000000000000000000
000000000000000000000000000000000000000000000000000000000000000000
000000000000000000000000000000000000000000000000000000000000000000
000000000000000000000000000000000000000000000000000000000000000000
000000000000000000000000000000000000000000001111111111110000000000
000000000000000000000000000000000000000000001111111111110000000000
000000000000000000000000000000000000001111111111111111111111110000
000000000000000000000000000000000000001111111111111111111111110000
000000000000000000000000000000000000111111111111111111111111111100
000000000000000000000000000000000000111111111111111111111111111100
000000000000000000000000000000111111111111111111111111111111111100
000000000000000000000000000000111111111111111111111111111111111100
000000111111111111111111111111111111111111111111111111111111111100
000000111111111111111111111111111111111111111111111111111111111100
001111111111111111111111111111111111111111111111111111111111111111
001111111111111111111111111111111111111111111111111111111111111111
001111111111111111111111111111111111111111111111111111111111111100
001111111111111111111111111111111111111111111111111111111111111100
000000110000001111111111111111000000001111111111111111111111110000
000000110000001111111111111111000000001111111111111111111111110000
000000111111111111111111111111001111110011111111111111111111110000
000000111111111111111111111111001111110011111111111111111111110000
001111111111111111111111111111111111111111111111111111111111110000
001111111111111111111111111111111111111111111111111111111111110000
001111111111111111111111111111111111111111111111111111111111111100
001111111111111111111111111111111111111111111111111111111111111100
001111111111111111111111111111111111111111111111111111111111111100
001111111111111111111111111111111111111111111111111111111111111100
001111111111111111111111111111111111111111110000000000001111111100
001111111111111111111111111111111111111111110000000000001111111100
000011111111111111111111111111111111111111110011000011001111111100
000011111111111111111111111111111111111111110011000011001111111100
000000001111110011111111111111111111111111111111111111111111110000
000000001111110011111111111111111111111111111111111111111111110000
000000000000000011111111111111111111111111111111111111111111000000
000000000000000011111111111111111111111111111111111111111111000000
000000000000000000000000000000000011110000001111111111110000000000
000000000000000000000000000000000011110000001111111111110000000000
000000000000000000000000000000000000000000000011111111000000000000
000000000000000000000000000000000000000000000011111111000000000000
000000000000000000000000000000000000000000000000111100000000000000
000000000000000000000000000000000000000000000000111100000000000000
