00000000000000000000000000000000000000000000000000000000000000000
00000000000000000000000000000000000000000000000000000000000000000
00000000000000000000000000000000000000000000000000000000000000000
00000000000000000000000000000000000000000000000000000000000000000
00000000000000000000000000000000000000000000000000000000000000000
00000000000000000000000000000000000000000000000000000000000000000
00000000000000000000000000000000000000000000000000000000000000000
00000000000000000000000000000000000000000000000000000000000000000
00000000000000000000000000000000000000000000000000000000000000000
00000000000000000000000001111110000000000000000000000000000000000
00000000000000000000000000001111100000000000000000000000000000000
00000000000111111111111000000011111000000000000000000000000000000
00000000000000000000111110000001111110000000000000000000000000000
00000000001111111111111111100000111111100000000000000000000000000
00000000011111111111111111110000011111100000000000000000000000000
00000000000000000111111111111111011111100000000000000000000000000
00000000000111111111111111111111111111110000000000000000000000000
00000000000001100111111111111111111111110000000000000000000000000
00000000011111111111111111011111111111111001100000000000000000000
00000000011111111111111111110111111111111011111000000000000000000
00000000000001100000111111100011111111111111111000000000000000000
00000000001111111111111111011111111111111001111100000000000000000
00000000000011111111111111101000011111111001111100000000000000000
00000000011111111111111111111001011111111111111110000000000000000
00000000000001100111111111111101111111111111111111000000000000000
00000000011111111111111111111111111111111001111111111000000000000
00000000000001100111111111111000001111111000111111111100000000000
00000000000000000011111111111111100111111110111111111110000000000
00000000001111111111101111111111100111111101111111111111000000000
00000000000001010111000111111000001111111111111111111111000000000
00000000011111111111111111111111100111111111111111111111100000000
00000000000001010111001111111111100111111111111111111111100000000
00000000000011111111111111111000001111111111111111111111100000000
00000000000000111111111111111000001111111111111111111111100000000
00000000001111111111111111111111100111111111111111111111100000000
00000000000000111111000011111111100111111111111111111111100000000
00000000000101111111101111111000001111111111111111111111000000000
00000000011111111111111111111111100111111111111111111111000000000
00000000000101111110111111111111100111111110111111111110000000000
00000000011111111111111111111000001111111000111111111100000000000
00000000000000000000111111111111111111111001111111111000000000000
00000000000111111111111111111101111111111111111111000000000000000
00000000000000000000111111111000011111111111111110000000000000000
00000000001111111111110001111010011111111001111100000000000000000
00000000000000101111111100001110111111111001111100000000000000000
00000000011111111111111111111011111111111111111000000000000000000
00000000000000101111111110001111111111111011111000000000000000000
00000000000000000001111100011111111111111001100000000000000000000
00000000000011111111111111111111111111110000000000000000000000000
00000000011111111111111101111111111111110000000000000000000000000
00000000000000000000111111111111011111100000000000000000000000000
00000000011111111111111111110000011111100000000000000000000000000
00000000000000000001111111100000111111100000000000000000000000000
00000000000000000000111110000001111110000000000000000000000000000
00000000000111111111111000000011111000000000000000000000000000000
00000000000000000000000000001111100000000000000000000000000000000
00000000000000000000000001111110000000000000000000000000000000000
00000000000000000000000000000000000000000000000000000000000000000

