0000000000000000000000000000000000
0000000000000111110000000000000000
0000000000011111111100000000000000
0000000000111111111110000000000000
0000000001111111111110000000000000
0000000011111111111110000000000000
0000000111111111111100000000000000
0000001111111111111000000000000000
0000011111111111000000000000000000
0000111111111110000000000000000000
0001111111111100000011111111110010
0001111111111000000111111111110110
0001111111111100111111100011111110
0000111111111111111111111001111110
0000011111111111111111111100110110
0000011111100111111111111110000010
0000111111000111111111111111000000
0000111110000011111111111111110000
0000011111111111111111111111111100
0001111111111111111111111111000110
0111111111111111111101111111100000
0001111111111111111001111111111110
0001111111111110110000111111111100
0111111111110000000111111110111000
0001111111000000111111101100110000
0000000000011111111111000000100000
0000000011111111111100000000000000
0000001111111111111111000000000000
0000011111111111111111111000000000
0000111111111111111111111110000000
0000111111111111111111111111100000
0000111111111111111111111111111000
0000000000000000000000000000000000
