0000000000000000000000000000000000
0000000000000000000000000000000000
0000000000000000000000000000000000
0001110000000000000000000000000000
0000011101111111111110000000000000
0100111111111111111111000000000000
0011111111111111111111111100000000
0011111111111111111111111111110000
0011111111111111111111111111111100
0111111111111111111111111111111110
0011110000011111111111111111111110
0001111111111100011111111111111110
0011011111111000001111111111111110
0011111111111111111111111111111100
0011001111111111111111110000000000
0010000110111111111111000000000000
0000000001101111111110000000000000
0000000000000000000000000000000000
0000000000000000000000000000000000
0000000000000000000000000000000000
